lastAccountName: Raptor346
timestamps:
  login: 1588802797732
  logout: 1588800241173
ipAddress: 192.168.0.164
logoutlocation:
  world: world
  x: 363.60373278735545
  y: 72.0
  z: 73.30639455721966
  yaw: 317.90735
  pitch: 9.7182045
afk: false
