lastAccountName: Raptor346
timestamps:
  login: 1588882204319
  logout: 1588884013222
  lastteleport: 1588805938870
ipAddress: 192.168.0.164
logoutlocation:
  world: world
  x: 366.1993151743432
  y: 74.0
  z: 36.691312409370184
  yaw: -3.874259
  pitch: 8.549808
afk: false
lastlocation:
  world: world
  x: 394.30000001192093
  y: 70.9375
  z: 60.33044507037752
  yaw: -80.84959
  pitch: 26.999962
