lastAccountName: Raptor346
timestamps:
  login: 1588779639320
  logout: 1588779826691
ipAddress: 192.168.0.164
logoutlocation:
  world: world
  x: 346.7830444282098
  y: 73.0
  z: 70.95239222660771
  yaw: 60.84198
  pitch: 19.018328
