lastAccountName: miliena
timestamps:
  login: 1588804785376
  logout: 1588806395907
ipAddress: 89.217.171.215
logoutlocation:
  world: world
  x: 410.02151551759766
  y: 69.0
  z: 47.61794066527994
  yaw: 202.02173
  pitch: 39.33093
