lastAccountName: miliena
timestamps:
  login: 1588802753308
  logout: 1588783699767
ipAddress: 89.217.171.215
logoutlocation:
  world: world
  x: 131.83948475034856
  y: 23.0
  z: 240.77959370548888
  yaw: -230.02716
  pitch: 31.734505
