lastAccountName: TheDarkAbility
timestamps:
  login: 1588804803757
  logout: 1588807242205
ipAddress: 178.199.222.116
lastlocation:
  world: world
  x: 402.61031209363495
  y: 80.9375
  z: 74.13275412108527
  yaw: 142.28587
  pitch: -90.0
logoutlocation:
  world: world
  x: 426.30597296045784
  y: 95.0
  z: 26.809778721527977
  yaw: 25.617981
  pitch: 22.408792
