lastAccountName: TheDarkAbility
timestamps:
  login: 1588879615790
  logout: 1588883080331
ipAddress: 178.199.222.116
lastlocation:
  world: world
  x: 402.61031209363495
  y: 80.9375
  z: 74.13275412108527
  yaw: 142.28587
  pitch: -90.0
logoutlocation:
  world: world
  x: 428.95950723010026
  y: 91.88296090285083
  z: 5.764693297941671
  yaw: 40.321507
  pitch: 13.936124
afk: false
